X,Y,Z,Label
-21252.044894829065,38239.07854028697,0.007999999999999896,ST5_KERAM_18
-21252.07431341174,38238.4688686155,0.005999999999999894,ST5_KERAM_17
-21251.24534971623,38238.45719850298,0.006999999999999895,ST5_KERAM_16
-21251.25556293588,38238.920656904724,0.006999999999999895,ST5_KERAM_15
-21250.393208049485,38238.97454614219,0.006999999999999895,ST5_KERAM_14
-21250.373971033772,38238.77641503099,0.007999999999999896,ST5_KERAM_13
-21250.97929861011,38243.9403254219,0.004999999999999893,ST5_KERAM_12
-21250.072315895715,38243.7217107934,0.005999999999999894,ST5_KERAM_11
-21250.13785241451,38244.48096698514,0.005999999999999894,ST5_KERAM_10
-21250.925193872477,38244.84853116806,0.004999999999999893,ST5_KERAM_9
-21250.880686348504,38248.459989195,0.004999999999999893,ST5_KERAM_8
-21251.809063836838,38247.55218016268,0.004999999999999893,ST5_KERAM_7
-21251.971246211073,38246.04068657106,0.0039999999999998925,ST5_KERAM_6
-21250.94928178346,38246.0498903036,0.0039999999999998925,ST5_KERAM_5
-21251.0883919612,38247.13571642156,0.0039999999999998925,ST5_KERAM_4
-21250.52765026308,38247.25718142882,0.004999999999999893,ST5_KERAM_3
-21250.08091252311,38245.82449325909,0.0039999999999998925,ST5_KERAM_2
-21250.054948852485,38245.74214104109,0.0039999999999998925,ST5_KERAM_1
-21250.879472257253,38245.887472231785,0.0039999999999998925,ST5_6117_43
-21250.84881351941,38247.206052544774,0.004999999999999893,ST5_6117_42
-21250.837310690215,38248.49819328205,0.005999999999999894,ST5_6117_41
-21218.14104513972,38247.92100262741,1.275,S12_6117_11
-21250.53409100839,38251.67606392519,1.273,S12_6118_35
-21272.1729548603,38251.065997372585,1.38,S12_6115_26
-21234.790611727698,38250.564903654915,0.008999999999999897,ST3_KERAM_137
-21233.247402355948,38250.54061713708,0.0039999999999998925,ST3_KERAM_136
-21233.314462757255,38249.29184858263,0.005999999999999894,ST3_KERAM_135
-21234.94665550722,38249.406268104416,0.005999999999999894,ST3_KERAM_134
-21235.067537509036,38248.87048779343,0.006999999999999895,ST3_KERAM_133
-21233.54159750728,38248.725094839516,0.006999999999999895,ST3_KERAM_132
-21237.69579697251,38250.742117348826,0.007999999999999896,ST3_KERAM_131
-21238.62624818509,38250.74989815951,0.010999999999999899,ST3_KERAM_130
-21239.093649897175,38249.39701987986,0.009999999999999898,ST3_KERAM_129
-21237.716611044038,38249.27716998649,0.008999999999999897,ST3_KERAM_128
-21237.78891125494,38248.68728043793,0.008999999999999897,ST3_KERAM_127
-21239.166427220494,38248.85109363832,0.010999999999999899,ST3_KERAM_126
-21243.23500649946,38249.88690812499,0.004999999999999893,ST3_KERAM_125
-21243.286310339776,38249.332503114216,0.004999999999999893,ST3_KERAM_124
-21242.081531624215,38249.187764568785,0.004999999999999893,ST3_KERAM_123
-21241.89581121435,38250.08507216897,0.005999999999999894,ST3_KERAM_122
-21243.319028816837,38250.16545659507,0.004999999999999893,ST3_KERAM_121
-21243.51281800267,38250.8919383577,0.0039999999999998925,ST3_KERAM_120
-21241.961803000384,38250.89036906092,0.004999999999999893,ST3_KERAM_119
-21242.682155971626,38250.96603012637,0.004999999999999893,ST3_KERAM_118
-21244.98931001132,38250.48840973619,0.0039999999999998925,ST3_KERAM_117
-21245.03372202276,38249.93612668083,0.0039999999999998925,ST3_KERAM_116
-21243.99170645843,38249.13243733556,0.006999999999999895,ST3_KERAM_115
-21245.465070473834,38249.237139188976,0.004999999999999893,ST3_KERAM_114
-21244.93872987194,38249.99236271271,0.004999999999999893,ST3_KERAM_113
-21244.02427604743,38250.92628465957,0.007999999999999896,ST3_KERAM_112
-21245.004584159724,38251.04698265031,0.008999999999999897,ST3_KERAM_111
-21246.181975818618,38250.298796255374,0.005999999999999894,ST3_KERAM_110
-21247.66573798147,38251.27988893402,0.004999999999999893,ST3_KERAM_109
-21246.90998553233,38251.312633942944,0.006999999999999895,ST3_KERAM_108
-21247.008512081513,38249.414869331864,0.004999999999999893,ST3_KERAM_106
-21247.00975581955,38249.41419619317,0.004999999999999893,ST3_KERAM_106
-21247.91617069095,38249.558806292756,0.0039999999999998925,ST3_KERAM_105
-21250.868905156975,38250.382452559774,0.005999999999999894,ST3_KERAM_104
-21251.577266489498,38250.44932723798,0.005999999999999894,ST3_KERAM_103
-21250.955165070933,38248.974547652746,0.005999999999999894,ST3_KERAM_102
-21251.690479108285,38249.238294247945,0.004999999999999893,ST3_KERAM_101
-21257.384473237486,38249.682240029055,-0.007000000000000117,ST3_STAJK_100
-21259.55745011985,38249.07703637019,-0.008000000000000118,ST3_STAJK_99
-21259.484767206,38246.70991867264,-0.008000000000000118,ST3_STAJK_98
-21256.46126719516,38248.493441222105,-0.008000000000000118,ST3_STAJK_97
-21256.614656802878,38245.10747701257,-0.008000000000000118,ST3_STAJK_96
-21258.09679877849,38245.37546985599,-0.008000000000000118,ST3_STAJK_95
-21258.01161636811,38243.120444810236,-0.007000000000000117,ST3_STAJK_94
-21258.130082523698,38241.09610843257,-0.008000000000000118,ST3_STAJK_93
-21256.905484220533,38240.95486043828,-0.008000000000000118,ST3_STAJK_92
-21255.149631228735,38241.017520403126,-0.007000000000000117,ST3_STAJK_91
-21255.023861836158,38242.58268942273,-0.009000000000000119,ST3_STAJK_90
-21254.91723843122,38245.57670603081,-0.009000000000000119,ST3_STAJK_89
-21254.93931888734,38247.437336422234,-0.009000000000000119,ST3_STAJK_88
-21254.73823038087,38249.25553316972,-0.007000000000000117,ST3_STAJK_87
-21254.586569261173,38250.62727618675,-0.007000000000000117,ST3_STAJK_86
-21254.548821220305,38252.59425765219,-0.01000000000000012,ST3_STAJK_85
-21254.988304941122,38254.98396224882,-0.0050000000000001155,ST3_STAJK_84
-21255.340353677013,38257.82863071589,-0.006000000000000116,ST3_STAJK_83
-21254.94575239608,38260.52825176876,-0.006000000000000116,ST3_STAJK_82
-21254.49178709001,38263.64111114575,-0.0050000000000001155,ST3_STAJK_81
-21256.507015211857,38253.85325578223,-0.008000000000000118,ST3_STAJK_80
-21256.68199055075,38257.15959297478,-0.006000000000000116,ST3_STAJK_79
-21256.86430408555,38260.67261386498,-0.007000000000000117,ST3_STAJK_78
-21257.005830531427,38263.3867972164,-0.006000000000000116,ST3_STAJK_77
-21258.68004317981,38263.57737005813,-0.0050000000000001155,ST3_STAJK_76
-21259.415446951833,38262.449295906255,-0.006000000000000116,ST3_STAJK_75
-21259.334129040297,38260.03056971314,-0.006000000000000116,ST3_STAJK_74
-21258.8562384925,38258.35874387762,-0.0050000000000001155,ST3_STAJK_73
-21257.471043302015,38255.588408467556,-0.006000000000000116,ST3_STAJK_72
-21257.738926265694,38253.069130055446,-0.007000000000000117,ST3_STAJK_71
-21258.59472557753,38254.40375866965,-0.007000000000000117,ST3_STAJK_70
-21259.541536736062,38255.88129230042,-0.007000000000000117,ST3_STAJK_69
-21260.42597464427,38257.70856666038,-0.006000000000000116,ST3_STAJK_68
-21262.07405615331,38258.176199357644,-0.007000000000000117,ST3_STAJK_67
-21262.09457136206,38259.84229813209,-0.007000000000000117,ST3_STAJK_66
-21263.179857277864,38261.53112005312,-0.007000000000000117,ST3_STAJK_65
-21265.227577003083,38263.94047036533,-0.004000000000000115,ST3_STAJK_64
-21265.37671506242,38262.59823385887,-0.006000000000000116,ST3_STAJK_63
-21265.689791969322,38261.774311016394,-0.006000000000000116,ST3_STAJK_62
-21267.85147237284,38264.26349217353,-0.0050000000000001155,ST3_STAJK_61
-21270.100699814313,38264.91632899581,-0.004000000000000115,ST3_STAJK_60
-21271.31528063275,38264.80731782444,-0.004000000000000115,ST3_STAJK_59
-21269.917391795592,38262.864764916805,-0.006000000000000116,ST3_STAJK_58
-21271.445911345494,38260.85637925026,-0.004000000000000115,ST3_STAJK_57
-21271.06908650288,38261.43178609588,-0.006000000000000116,ST3_STAJK_56
-21270.076197422317,38260.9818135704,-0.007000000000000117,ST3_STAJK_55
-21267.06782514228,38258.774798793675,-0.006000000000000116,ST3_STAJK_54
-21265.58329697918,38258.06266598796,-0.006000000000000116,ST3_STAJK_53
-21264.145745561822,38257.32591235042,-0.006000000000000116,ST3_STAJK_52
-21262.69016532514,38256.130972111496,-0.007000000000000117,ST3_STAJK_51
-21261.75684113487,38255.36172380578,-0.008000000000000118,ST3_STAJK_50
-21260.458418257884,38254.290773745066,-0.006000000000000116,ST3_STAJK_49
-21258.80380184949,38252.334402220775,-0.008000000000000118,ST3_STAJK_48
-21260.568502258047,38253.363647802755,-0.007000000000000117,ST3_STAJK_47
-21262.286787467805,38254.36655654133,-0.007000000000000117,ST3_STAJK_46
-21263.848655411617,38255.278039687706,-0.006000000000000116,ST3_STAJK_45
-21265.076398100828,38255.99407382731,-0.007000000000000117,ST3_STAJK_44
-21267.15843993344,38257.20855553045,-0.006000000000000116,ST3_STAJK_43
-21270.204194272417,38258.89040882565,-0.0050000000000001155,ST3_STAJK_42
-21289.29318701583,38260.928185565645,-0.0050000000000001155,ST3_STAJK_41
-21285.60688589479,38259.80688184005,-0.0050000000000001155,ST3_STAJK_40
-21283.05146182138,38259.02951139745,-0.0050000000000001155,ST3_STAJK_39
-21280.306837551394,38258.193734742716,-0.0050000000000001155,ST3_STAJK_38
-21277.53250169215,38257.34911379808,-0.006000000000000116,ST3_STAJK_37
-21278.43042811653,38257.24183315496,-0.004000000000000115,ST3_STAJK_36
-21280.298094550097,38257.7779600923,-0.0050000000000001155,ST3_STAJK_35
-21281.283346869146,38258.06080787434,-0.0050000000000001155,ST3_STAJK_34
-21283.01079600201,38258.55623949766,-0.0050000000000001155,ST3_STAJK_33
-21285.702126510252,38259.32920074856,-0.0030000000000001137,ST3_STAJK_32
-21288.060023007434,38260.00603832773,-0.004000000000000115,ST3_STAJK_31
-21289.206863570857,38260.33489957824,-0.006000000000000116,ST3_STAJK_30
-21289.330050288416,38259.801892043004,-0.004000000000000115,ST3_STAJK_29
-21287.306715735052,38259.25594489797,-0.002000000000000113,ST3_STAJK_28
-21284.22686122145,38258.42471618393,-0.004000000000000115,ST3_STAJK_27
-21280.521850966114,38257.46791160208,-0.0050000000000001155,ST3_STAJK_26
-21277.392625717628,38256.61676981351,-0.007000000000000117,ST3_STAJK_25
-21274.091474481465,38255.72279748958,-0.008000000000000118,ST3_STAJK_24
-21270.33257145704,38254.10932513066,-0.0050000000000001155,ST3_STAJK_23
-21270.08150774407,38254.95275089031,-0.004000000000000115,ST3_STAJK_22
-21268.059407876335,38254.35708980807,-0.0050000000000001155,ST3_STAJK_21
-21265.74690118454,38253.674982924655,-0.006000000000000116,ST3_STAJK_20
-21263.61610994274,38253.044880802874,-0.006000000000000116,ST3_STAJK_19
-21261.286351360406,38252.35763852534,-0.008000000000000118,ST3_STAJK_18
-21263.611820769846,38252.785893152606,-0.007000000000000117,ST3_STAJK_17
-21264.880685159154,38252.7994637659,-0.007000000000000117,ST3_STAJK_16
-21266.498583892055,38252.141712528675,-0.007000000000000117,ST3_STAJK_15
-21263.604739465613,38251.982481766616,-0.008000000000000118,ST3_STAJK_14
-21261.767904752407,38251.88957193751,-0.008000000000000118,ST3_STAJK_13
-21260.779225249124,38251.93019015739,-0.009000000000000119,ST3_STAJK_12
-21259.422428781516,38251.556568228865,-0.007000000000000117,ST3_STAJK_11
-21257.669622311223,38250.66963053223,-0.009000000000000119,ST3_STAJK_10
-21257.507619695967,38250.69861591906,-0.01000000000000012,ST3_STAJK_9
-21258.394138346917,38250.542031496094,-0.008000000000000118,ST3_STAJK_8
-21259.983436569237,38250.26076798882,-0.006000000000000116,ST3_STAJK_7
-21261.346583761017,38250.020695638166,-0.007000000000000117,ST3_STAJK_6
-21262.93281189273,38250.22994265527,-0.008000000000000118,ST3_STAJK_5
-21264.60928883367,38250.314766393065,-0.006000000000000116,ST3_STAJK_4
-21266.35953415781,38250.3620771246,-0.006000000000000116,ST3_STAJK_3
-21268.74169798135,38250.606882185464,-0.007000000000000117,ST3_STAJK_2
-21271.328757071664,38250.545414606924,-0.006000000000000116,ST3_STAJK_1
-21272.173333707797,38251.066008792164,1.38,S12_6115_26
-21272.173333707797,38251.066008792164,1.38,S12_6115_26
-21218.139048847435,38247.92030431955,1.275,S12_6117_17
-21218.048666292198,38249.63999120783,1.867,S12_6116_13
-21251.901071047258,38238.02328994358,1.709,ST6_6119_150
-21250.534928952744,38251.67671005642,1.273,S12_6118_35
-21272.697696421885,38240.80024619591,1.5939999999999999,ST6_61110_12
-21272.6980219904,38240.79886996733,1.5939999999999999,ST8_61110_8
-21250.45952224089,38239.0519541448,0.00699999999999984,ST6_KERAM_11
-21250.383709766218,38238.091588866024,0.009999999999999842,ST6_KERAM_10
-21252.709406005284,38238.144758440045,0.004999999999999838,ST6_KERAM_9
-21254.65754893759,38238.19362678661,0.00699999999999984,ST6_KERAM_8
-21256.168330855086,38238.37736300452,0.00799999999999984,ST6_KERAM_7
-21256.285782132334,38239.86202801639,0.00799999999999984,ST6_KERAM_6
-21254.988345397098,38239.70405675929,0.00699999999999984,ST6_KERAM_5
-21254.030518360516,38239.72306644067,0.00699999999999984,ST6_KERAM_4
-21254.13292363598,38238.23664181777,0.005999999999999839,ST6_KERAM_3
-21270.847036994615,38239.485409063695,0.010999999999999843,ST6_STAJKA_2
-21268.306456138664,38239.474412957905,0.010999999999999843,ST6_STAJKA_1
-21259.180163549863,38231.96135118069,-0.009000000000000119,ST7_STAJK_44
-21259.75514118965,38234.594117352186,-0.009000000000000119,ST7_STAJK_43
-21260.6089524828,38236.64119606969,-0.006000000000000005,ST7_STAJK_42
-21260.45133715679,38238.256708808425,-0.006999999999999895,ST7_STAJK_41
-21259.267427100334,38237.988205590154,-0.008000000000000007,ST7_STAJK_40
-21258.802400469052,38236.340119963665,-0.009000000000000119,ST7_STAJK_39
-21258.405646146115,38234.93336376332,-0.008000000000000007,ST7_STAJK_38
-21258.027866392324,38233.59020760798,-0.008000000000000007,ST7_STAJK_37
-21257.56885352105,38231.95911711877,-0.009000000000000119,ST7_STAJK_36
-21257.30707549931,38230.80809788898,-0.009000000000000119,ST7_STAJK_35
-21259.280244950147,38232.1568856107,-0.010000000000000009,ST7_STAJK_34
-21260.688965092326,38233.711053414074,-0.006999999999999895,ST7_STAJK_33
-21258.096698356996,38229.77176602002,-0.008000000000000007,ST7_STAJK_32
-21259.679513718947,38230.11317710647,-0.009000000000000119,ST7_STAJK_31
-21261.094068289734,38230.41757054643,-0.006999999999999895,ST7_STAJK_30
-21260.608363075145,38228.691424711185,-0.006999999999999895,ST7_STAJK_29
-21259.258856396213,38228.63620946402,-0.006999999999999895,ST7_STAJK_28
-21257.92559337992,38228.881981165796,-0.009000000000000119,ST7_STAJK_27
-21255.500470014755,38228.350482658076,-0.0029999999999998916,ST7_STAJK_26
-21256.14006501386,38228.325041802855,-0.0050000000000001155,ST7_STAJK_25
-21255.00976064513,38228.51964918717,-0.0050000000000001155,ST7_STAJK_24
-21255.837405362327,38230.07590277259,-0.010000000000000009,ST7_STAJK_23
-21255.09357818654,38230.47973582295,-0.006000000000000005,ST7_STAJK_22
-21255.52878816473,38231.3090760878,-0.006000000000000005,ST7_STAJK_21
-21255.44650351254,38231.81268132607,-0.008000000000000007,ST7_STAJK_20
-21256.787888490173,38230.862364356944,-0.008000000000000007,ST7_STAJK_19
-21256.71941015072,38231.88688166624,-0.006000000000000005,ST7_STAJK_18
-21255.495232277397,38231.95271884774,0.0050000000000001155,ST7_KERAM_17
-21255.099108014605,38232.654578212874,0.0029999999999998916,ST7_KERAM_16
-21255.806269537512,38232.66377497971,0.0050000000000001155,ST7_KERAM_15
-21255.89159208553,38232.01693646602,0.006000000000000005,ST7_KERAM_14
-21256.80045674753,38232.03943149136,0.008000000000000007,ST7_KERAM_13
-21256.778938904077,38232.73006452157,0.0029999999999998916,ST7_KERAM_12
-21254.80827455814,38235.521045359135,0.006999999999999895,ST7_KERAM_11
-21255.004947622605,38234.8320397672,0.006000000000000005,ST7_KERAM_10
-21254.76419410004,38235.51669642668,0.006000000000000005,ST7_KERAM_9
-21255.416862761922,38235.58224501778,0.008000000000000007,ST7_KERAM_8
-21255.61611760151,38234.75669882955,0.006000000000000005,ST7_KERAM_7
-21256.319994473597,38234.79435980319,0.0040000000000000036,ST7_KERAM_6
-21256.50381059597,38235.517365081985,0.006000000000000005,ST7_KERAM_5
-21255.466415036833,38238.5449751054,0.006999999999999895,ST7_KERAM_4
-21254.48816407439,38238.3303823411,0.008000000000000007,ST7_KERAM_3
-21255.46714075756,38238.39620523839,0.008000000000000007,ST7_KERAM_2
-21256.399989701407,38238.49429625718,0.006999999999999895,ST7_KERAM_1
-21255.646295566214,38239.91767609074,1.7010000000000003,ST7_61111_5
-21255.646832968967,38239.91636796296,1.7010000000000003,ST7_61111_5
-21255.646295566214,38239.91767609074,1.7010000000000003,ST7_61111_5
-21255.64537280095,38239.91806145325,1.7,ST7_61111_2
-21255.645524841188,38239.91583056021,1.7,ST7_61111_2
-21255.644987438434,38239.91713868798,1.7,ST7_61111_2
-21269.259300874302,38252.79035676593,-0.0069977937449348104,ST8_STAJK_89
-21268.829485071354,38257.938751892136,-0.0059977937449346985,ST8_STAJK_88
-21267.51757141767,38261.07149119908,-0.0059977937449346985,ST8_STAJK_87
-21266.533999878444,38258.76084539602,-0.0059977937449346985,ST8_STAJK_86
-21266.993619481906,38255.60328972428,-0.004997793744934809,ST8_STAJK_85
-21268.744632263162,38251.10300226236,-0.007997793744934922,ST8_STAJK_84
-21267.57289223246,38252.88461117019,-0.0059977937449346985,ST8_STAJK_83
-21260.826013974554,38263.77465082912,-0.0069977937449348104,ST8_STAJK_82
-21261.84411340103,38262.30988820063,-0.0059977937449346985,ST8_STAJK_81
-21262.663190719522,38263.87064357747,-0.0059977937449346985,ST8_STAJK_80
-21263.32839266534,38264.17158771064,-0.004997793744934809,ST8_STAJK_79
-21263.65984375524,38262.52679435735,-0.004997793744934809,ST8_STAJK_78
-21266.099159060796,38260.74132247574,-0.004997793744934809,ST8_STAJK_77
-21265.979780872087,38264.03597584871,-0.001997793744934695,ST8_STAJK_76
-21269.6969776069,38264.46276436152,-0.0059977937449346985,ST8_STAJK_75
-21267.72203457208,38264.35715655308,-0.003997793744934919,ST8_STAJK_74
-21269.620138062783,38264.907264850226,0.031002206255065223,ST8_STAJK_73
-21271.097062852357,38262.92054313697,-0.004997793744934809,ST8_STAJK_72
-21271.526075572816,38260.331324705534,-0.004997793744934809,ST8_STAJK_71
-21271.3779257601,38257.43691222059,-0.0059977937449346985,ST8_STAJK_70
-21271.80691416476,38254.63753908564,-0.0069977937449348104,ST8_STAJK_69
-21271.95818421398,38252.380255901764,-0.0069977937449348104,ST8_STAJK_68
-21271.93419303695,38250.86442298768,-0.0069977937449348104,ST8_STAJK_67
-21272.84874789454,38252.92090211776,-0.010997793744934814,ST8_STAJK_66
-21274.546784446415,38253.34729614739,-0.011997793744934926,ST8_STAJK_65
-21274.867540172738,38252.908263387755,-0.010997793744934814,ST8_STAJK_64
-21273.924439913695,38252.49884562874,-0.008997793744934812,ST8_STAJK_63
-21272.382528215116,38251.51200353712,-0.010997793744934814,ST8_STAJK_62
-21273.15994525008,38229.58579000734,0.010002206255065094,ST8_KERAM_61
-21272.363960573035,38229.46554694558,0.010002206255065094,ST8_KERAM_60
-21271.45152642872,38229.45209583846,0.009002206255065204,ST8_KERAM_59
-21271.10813518765,38232.85381532359,0.009002206255065204,ST8_KERAM_58
-21271.050681405686,38233.463192106006,0.008002206255065092,ST8_KERAM_57
-21271.92477603573,38233.713968057265,0.008002206255065092,ST8_KERAM_56
-21272.024045411315,38233.05292449511,0.007002206255065202,ST8_KERAM_55
-21273.013784720246,38233.027057520856,0.008002206255065092,ST8_KERAM_54
-21272.940813476027,38233.880403990646,0.008002206255065092,ST8_KERAM_53
-21272.788051913063,38235.91360956433,0.009002206255065204,ST8_KERAM_52
-21272.716579266686,38236.59987894353,0.009002206255065204,ST8_KERAM_51
-21271.571264324582,38236.5043819101,0.006002206255065312,ST8_KERAM_50
-21271.68554705792,38235.766340951304,0.009002206255065204,ST8_KERAM_49
-21270.89909032533,38235.66017689074,0.008002206255065092,ST8_KERAM_48
-21270.84377720349,38236.223073380825,0.0050022062550652,ST8_KERAM_47
-21272.5602779195,38239.70636568724,0.009002206255065204,ST8_KERAM_46
-21272.99612162006,38238.25067331978,0.010002206255065094,ST8_KERAM_45
-21271.598058118772,38238.26627608757,0.0050022062550652,ST8_KERAM_44
-21271.63812793588,38238.054912869964,0.007002206255065202,ST8_KERAM_43
-21271.412412412494,38239.28132124506,0.004002206255065088,ST8_KERAM_42
-21270.112311151905,38239.10057636351,0.006002206255065312,ST8_KERAM_41
-21270.16590547607,38238.15877349221,0.0050022062550652,ST8_KERAM_40
-21268.82541778829,38238.16730337521,0.008002206255065092,ST8_KERAM_39
-21268.8303424763,38239.11098380176,0.004002206255065088,ST8_KERAM_38
-21271.91988544636,38249.803077948185,0.008002206255065092,ST8_KERAM_37
-21272.087695735514,38247.998554546604,0.0050022062550652,ST8_KERAM_36
-21272.12183622369,38245.85115159721,0.006002206255065312,ST8_KERAM_35
-21272.369478379074,38243.67823319956,0.008002206255065092,ST8_KERAM_34
-21271.21660724749,38242.96713816094,0.0010022062550651967,ST8_KERAM_33
-21271.006244197637,38246.14267077568,0.0030022062550651984,ST8_KERAM_32
-21270.959458748293,38248.02694998049,0.0030022062550651984,ST8_KERAM_31
-21270.76633155795,38249.5244358363,0.007002206255065202,ST8_KERAM_30
-21269.430815031363,38248.61639750715,0.0020022062550653086,ST8_KERAM_29
-21269.54772132911,38246.576914994956,0.0020022062550653086,ST8_KERAM_28
-21269.581812733155,38244.45767225846,0.004002206255065088,ST8_KERAM_27
-21269.612019458553,38242.692787969405,0.0030022062550651984,ST8_KERAM_26
-21268.512562240812,38240.83779610248,0.008002206255065092,ST8_KERAM_25
-21268.482223840925,38238.297989696184,0.007002206255065202,ST8_KERAM_24
-21268.616509229945,38236.27075329303,0.007002206255065202,ST8_KERAM_23
-21267.840796040015,38235.827607665764,0.008002206255065092,ST8_KERAM_22
-21267.761382015608,38237.54538949497,0.009002206255065204,ST8_KERAM_21
-21267.86349907185,38238.877020489956,0.007002206255065202,ST8_KERAM_20
-21268.12159282393,38240.62962330153,0.008002206255065092,ST8_KERAM_19
-21268.106335298868,38244.02491904829,0.006002206255065312,ST8_KERAM_18
-21267.9924951757,38245.874031923784,0.008002206255065092,ST8_KERAM_17
-21267.92060418286,38247.920837162485,0.0050022062550652,ST8_KERAM_16
-21267.737831830622,38249.79330272085,0.009002206255065204,ST8_KERAM_15
-21270.76708139577,38235.64794404487,1.4780022062550653,ST8_61113_14
-21270.766976595918,38235.64694955153,1.4780022062550653,ST8_61113_14
-21270.76907038244,38235.64773444516,1.4780022062550653,ST8_61113_14
-21270.769175182293,38235.6487289385,1.4780022062550653,ST8_61113_11
-21272.698535903648,38240.79889245113,1.5940022062550654,ST8_61110_8
-21272.6986407035,38240.79988694447,1.5940022062550654,ST8_61110_8
-21272.697646210167,38240.79999174432,1.5940022062550654,ST6_61110_12
-21272.697646210167,38240.79999174432,1.5940022062550654,ST6_61110_12
-21272.697541410314,38240.79899725098,1.5940022062550654,ST8_61110_8
-21268.076318382646,38241.09694142119,1.5560022062550651,ST8_61114_1
-21268.076213582794,38241.09594692786,1.5560022062550651,ST8_61114_5
-21268.076318382646,38241.09694142119,1.5560022062550651,ST8_61114_1
-21268.076318382646,38241.09694142119,1.5560022062550651,ST8_61114_1
-21268.076423182498,38241.09793591453,1.5560022062550651,ST8_61114_1
-21272.17247876398,38251.06455272633,1.380002206255065,ST5_6115_38
-21272.174467750647,38251.06434312663,1.380002206255065,ST5_6115_38
-21272.173473257313,38251.06444792648,1.380002206255065,ST5_6115_38
-21272.171379470794,38251.06366303285,1.380002206255065,ST8_6115_47
-21272.17247876398,38251.06455272633,1.380002206255065,ST5_6115_38
-21272.171379470794,38251.06366303285,1.380002206255065,ST8_6115_47
-21279.06416785208,38240.77276460685,0.01100000000000012,ST9_KERAM_34
-21277.38019578092,38239.969061885975,0.008000000000000007,ST9_KERAM_33
-21279.235577422427,38237.35417604442,0.009000000000000341,ST9_KERAM_32
-21278.11697289379,38237.451175572816,0.007000000000000117,ST9_KERAM_31
-21276.395049545157,38237.55140022764,0.0050000000000003375,ST9_KERAM_30
-21276.739127949768,38238.28531783301,0.007000000000000117,ST9_KERAM_29
-21279.271864599905,38238.440253500565,0.0040000000000000036,ST9_KERAM_28
-21279.223923355312,38239.76427753247,0.013000000000000345,ST9_KERAM_27
-21277.137940317778,38239.68154442463,0.010000000000000231,ST9_KERAM_26
-21275.662197745653,38239.57448901461,0.007000000000000117,ST9_KERAM_25
-21274.96230532822,38240.82458965216,0.0040000000000000036,ST9_KERAM_24
-21272.755782660868,38240.67121521333,0.007000000000000117,ST9_KERAM_23
-21273.020723359983,38238.98064891,0.006000000000000227,ST9_KERAM_22
-21273.194512641574,38237.25989288848,0.007000000000000117,ST9_KERAM_21
-21275.309437305266,38236.518170793,0.009000000000000341,ST9_KERAM_20
-21275.66768999133,38235.531104932525,0.009000000000000341,ST9_KERAM_19
-21275.17613082153,38233.03914113212,0.008000000000000007,ST9_KERAM_18
-21275.236806215667,38232.5612086091,0.006000000000000227,ST9_KERAM_17
-21276.80574642814,38232.57707081853,0.008000000000000007,ST9_KERAM_16
-21276.47932275382,38233.57562206151,0.009000000000000341,ST9_KERAM_15
-21277.11986758747,38229.87553553332,0.007000000000000117,ST9_KERAM_14
-21276.988380253802,38230.95866114057,0.008000000000000007,ST9_KERAM_13
-21275.258620082277,38230.56150909288,0.007000000000000117,ST9_KERAM_12
-21275.35549233755,38229.59747083318,0.007000000000000117,ST9_KERAM_11
-21273.5774409291,38229.61363217316,0.008000000000000007,ST9_KERAM_10
-21273.888244891044,38230.286436674665,0.007000000000000117,ST9_KERAM_9
-21273.899932236418,38232.04301755978,0.006000000000000227,ST9_KERAM_8
-21274.08799894117,38232.921179227444,0.008000000000000007,ST9_KERAM_7
-21274.31070937858,38235.374849959444,0.008000000000000007,ST9_KERAM_6
-21274.402696457553,38236.66519812072,0.008000000000000007,ST9_KERAM_5
-21279.41380141335,38239.08988719811,1.0000000000000004,ST9_RP+1.0_4
-21279.41380141335,38239.08988719811,1.0000000000000004,ST9_RP+1.0_4
-21279.41380141335,38239.08988719811,1.0000000000000004,ST9_RP+1.0_4
-21279.41380141335,38239.08988719811,1.0000000000000004,ST9_RP+1.0_4
-21279.41380141335,38239.08988719811,1.0000000000000004,ST9_RP+1.0_4
-21279.41380141335,38239.08988719811,1.0000000000000004,ST9_RP+1.0_4
-21270.768382014096,38235.64560971059,1.4769999999999999,ST9_61113_5
-21270.767794249852,38235.64480067833,1.4769999999999999,ST9_61113_5
-21270.769191046347,38235.645021946344,1.4769999999999999,ST8_61113_13
-21270.769778810594,38235.6458309786,1.4769999999999999,ST8_61113_12
-21268.077100692535,38241.10131175966,1.5550000000000002,ST9_61114_4
-21268.077100692535,38241.10131175966,1.5550000000000002,ST9_61114_4
-21268.076291660276,38241.10189952391,1.5550000000000002,ST9_61114_4
-21268.077100692535,38241.10131175966,1.5550000000000002,ST9_61114_4
-21246.20956442041,38261.35081069633,-0.022499999999873125,S10_STAJK_44
-21246.334004065153,38263.0500539911,-0.014499999999891771,S10_STAJK_43
-21240.457202300695,38263.168995242435,-0.009499999999896319,S10_STAJK_42
-21242.908809948625,38262.86721727671,-0.013499999999915418,S10_STAJK_41
-21243.026709750055,38261.67681245615,-0.022499999999873125,S10_STAJK_40
-21242.60294476786,38262.14858490116,-0.021499999999896772,S10_STAJK_39
-21241.176212261325,38262.331632312445,-0.013499999999915418,S10_STAJK_38
-21240.12777752727,38262.32024774249,-0.013499999999915418,S10_STAJK_37
-21240.029363147863,38261.573452181496,-0.013499999999915418,S10_STAJK_36
-21239.296763977058,38260.87376978574,-0.017499999999877672,S10_STAJK_35
-21238.20119601085,38261.47471556653,-0.013499999999915418,S10_STAJK_34
-21245.60457557176,38259.24588468979,-0.014499999999891771,S10_KERAM_33
-21246.409581916843,38258.61805128484,-0.008499999999863122,S10_KERAM_32
-21253.23329071472,38262.78699938259,-0.0014999999999149622,S10_KERAM_31
-21252.782345471926,38262.79065834411,-0.0034999999998676684,S10_KERAM_30
-21248.992299485843,38260.782928177134,-0.012499999999882222,S10_KERAM_29
-21244.875394898118,38260.97764493451,-0.013499999999915418,S10_KERAM_28
-21242.83200603524,38259.73972896197,-0.028499999999901774,S10_KERAM_27
-21244.091879790227,38260.152708527436,-0.021499999999896772,S10_KERAM_26
-21244.726604205534,38253.99357174404,-0.006499999999910416,S10_KERAM_25
-21243.80769346939,38255.296557568596,-0.01849999999991087,S10_KERAM_24
-21242.80200977457,38256.78925489423,-0.028499999999901774,S10_KERAM_23
-21241.342526709777,38258.17162936723,-0.015499999999868124,S10_KERAM_22
-21241.00787076376,38255.86455212583,-0.017499999999877672,S10_KERAM_21
-21240.28540350934,38258.67377231412,-0.012499999999882222,S10_KERAM_20
-21239.604058562843,38260.50728098982,-0.005499999999877218,S10_KERAM_19
-21238.88652115016,38260.56957112864,-0.0024999999998913153,S10_KERAM_18
-21237.666405681022,38261.68620859979,0.001500000000127784,S10_KERAM_17
-21237.958255238296,38260.44573899681,-0.0024999999998913153,S10_KERAM_16
-21237.590508774854,38256.03724270684,0.0025000000001041372,S10_KERAM_15
-21237.66831450925,38258.2286092366,-0.0014999999999149622,S10_KERAM_14
-21236.415986099062,38254.557201665506,0.00750000000009959,S10_KERAM_13
-21236.833292171355,38256.13502315161,0.004500000000113687,S10_KERAM_12
-21236.840867279898,38258.00439486899,0.004500000000113687,S10_KERAM_11
-21236.008111286566,38259.148338685605,0.004500000000113687,S10_KERAM_10
-21236.099018448273,38260.78518348215,0.003500000000137334,S10_KERAM_9
-21235.94476146748,38261.96435640579,0.006500000000123237,S10_KERAM_8
-21236.41075759899,38262.89952302487,0.00750000000009959,S10_KERAM_7
-21237.322858763095,38263.00356372092,0.008500000000132787,S10_KERAM_6
-21240.894735591515,38248.624036575624,1.863500000000094,S10_61115_2
-21240.894735591515,38248.624036575624,1.863500000000094,S10_61115_2
-21240.89508056834,38248.623097964424,1.8645000000001273,S10_61115_2
-21240.896019179545,38248.62344294124,1.863500000000094,S10_61115_2
-21240.895674202722,38248.62438155244,1.8645000000001273,S10_61115_2
-21238.653515812228,38253.826223702294,0.9945000000001227,S10_R+1_4
-21238.653515812228,38253.826223702294,0.9945000000001227,S10_R+1_4
-21238.653515812228,38253.826223702294,0.9945000000001227,S10_R+1_4
-21238.653764469782,38253.82844590152,0.9955000000000991,S10_R+1_1
-21235.991528178543,38240.19881679229,0.011499999999999844,S12_KERAM_59
-21235.930821451882,38240.788907203445,0.00749999999999984,S12_KERAM_58
-21235.12938637258,38240.744614837735,0.009499999999999842,S12_KERAM_57
-21235.1401493394,38240.066714285625,0.012499999999999734,S12_KERAM_56
-21234.1565403356,38239.8864746462,0.00649999999999995,S12_KERAM_55
-21234.22135741781,38240.67765651268,0.00649999999999995,S12_KERAM_54
-21233.681693713173,38248.400464233055,0.00649999999999995,S12_KERAM_53
-21234.118420644518,38244.82724613344,0.00849999999999973,S12_KERAM_52
-21234.098393781453,38245.653804615795,0.00649999999999995,S12_KERAM_51
-21234.8664212316,38245.786646009255,0.00649999999999995,S12_KERAM_50
-21234.839961743644,38244.86440043703,0.00649999999999995,S12_KERAM_49
-21235.732768603608,38244.919472306356,0.00849999999999973,S12_KERAM_48
-21235.684962078412,38245.89290927716,0.00849999999999973,S12_KERAM_47
-21235.27390475985,38248.496557848084,0.00649999999999995,S12_KERAM_46
-21237.440363497655,38246.94739628861,0.00749999999999984,S12_KERAM_45
-21237.252103466548,38247.91948690202,0.010499999999999954,S12_KERAM_44
-21238.352339696306,38246.96429046215,0.009499999999999842,S12_KERAM_43
-21238.628979505193,38245.8278678224,0.009499999999999842,S12_KERAM_42
-21238.07621678178,38245.38999184497,0.00849999999999973,S12_KERAM_41
-21237.444479615493,38246.356079911726,0.009499999999999842,S12_KERAM_40
-21236.94246906798,38247.1041289811,0.009499999999999842,S12_KERAM_39
-21236.1774842331,38248.21587094864,0.00849999999999973,S12_KERAM_38
-21218.22878173481,38249.76240857445,0.0014999999999998348,S12_KERAM_37
-21219.16716680905,38249.63207648916,-0.000500000000000167,S12_KERAM_36
-21220.103673722835,38249.64716954789,0.0014999999999998348,S12_KERAM_35
-21220.12498881456,38248.795405104596,-0.000500000000000167,S12_KERAM_34
-21219.084423892717,38248.7188959978,0.0004999999999997229,S12_KERAM_33
-21218.247204920357,38248.6575006207,0.0024999999999999467,S12_KERAM_32
-21218.337424648787,38247.71816819786,0.0014999999999998348,S12_KERAM_31
-21219.238417016204,38247.83586592021,0.0004999999999997229,S12_KERAM_30
-21220.156429837116,38247.8922260182,0.0004999999999997229,S12_KERAM_29
-21226.837258503052,38248.26893988357,-0.0015000000000000568,S12_KERAM_28
-21228.753482549386,38248.30133439303,-0.000500000000000167,S12_KERAM_27
-21228.635607684693,38249.450314600115,0.0014999999999998348,S12_KERAM_26
-21226.83683819726,38249.325890603024,-0.000500000000000167,S12_KERAM_25
-21226.795433603525,38250.233836999905,0.0004999999999997229,S12_KERAM_24
-21227.7449920539,38250.19461010473,0.0024999999999999467,S12_KERAM_23
-21228.59913138303,38250.27269983795,0.0004999999999997229,S12_KERAM_22
-21233.794697538462,38250.81900224918,1.3695,S12_61116_13
-21233.794697538462,38250.81900224918,1.3695,S12_61116_13
-21233.792631211167,38250.821396051906,1.3684999999999996,S12_61116_9
-21233.792631211167,38250.821396051906,1.3684999999999996,S12_61116_9
-21233.793490489632,38250.82088454382,1.3684999999999996,S12_61116_13
-21218.140181718678,38247.92053723335,1.2754999999999996,S12_6117_11
-21218.139670210592,38247.919677954895,1.2754999999999996,S12_6117_17
-21218.139670210592,38247.919677954895,1.2754999999999996,S12_6117_17
-21218.04947253121,38249.64104873965,1.8664999999999998,S12_6116_13
-21218.050331809667,38249.640537231564,1.8664999999999998,S12_6116_13
-21218.04930879349,38249.63881867463,1.8664999999999998,S12_6116_13
-21218.04930879349,38249.63881867463,1.8664999999999998,S12_6116_13
-21218.14190027561,38247.919514217174,1.2754999999999996,ST5_6117_40
-21218.14190027561,38247.919514217174,1.2754999999999996,ST5_6117_40
-21240.89143339135,38248.62758484614,1.8664999999999998,S12_61115_9
-21240.892804177893,38248.62793261651,1.8664999999999998,S12_61115_6
-21240.892804177893,38248.62793261651,1.8664999999999998,S12_61115_6
-21240.893663456365,38248.627421108424,1.8664999999999998,S12_61115_6
-21250.53556796234,38251.67542939216,1.2734999999999999,ST5_6118_39
-21250.534708683866,38251.67594090025,1.2734999999999999,S12_6118_35
-21250.53556796234,38251.67542939216,1.2734999999999999,ST5_6118_39
-21250.537798027348,38251.675265654456,1.2734999999999999,S12_6118_32
-21250.53556796234,38251.67542939216,1.2734999999999999,ST5_6118_39
-21250.53556796234,38251.67542939216,1.2734999999999999,ST5_6118_39
-21250.53556796234,38251.67542939216,1.2734999999999999,ST5_6118_39
-21272.17099073901,38251.06713565197,1.3794999999999997,ST3_6115_4
-21272.17236152557,38251.06748342235,1.3805,ST3_6115_4
-21272.17442785287,38251.06508961962,1.3794999999999997,ST5_6115_38
-21272.17168627977,38251.064394078865,1.3794999999999997,S12_6115_25
-21239.124444709036,38242.05169497167,-0.009000000000000008,S13_STAJK_88
-21237.698282850237,38241.83295459472,-0.007000000000000006,S13_STAJK_87
-21237.40623207795,38241.04706252426,-0.007000000000000006,S13_STAJK_86
-21237.94550868233,38241.31118511694,-0.006000000000000005,S13_STAJK_85
-21238.75905835844,38242.17176917705,-0.010000000000000009,S13_STAJK_84
-21237.98475341333,38242.468148751235,-0.009000000000000008,S13_STAJK_83
-21237.25582282711,38241.60629597932,-0.007000000000000006,S13_STAJK_82
-21236.730839883116,38240.987890037795,-0.008000000000000007,S13_STAJK_81
-21234.20832469972,38239.68977095637,-0.006000000000000005,S13_STAJK_80
-21234.203076414946,38239.89856141474,0.0050000000000000044,S13_KERAM_79
-21234.23099083155,38240.82319419879,0.006000000000000005,S13_KERAM_78
-21235.82638654395,38241.05881363951,0.0030000000000000027,S13_KERAM_77
-21236.87750906743,38240.571730032054,0.009000000000000008,S13_KERAM_76
-21237.025838276888,38239.63966863621,0.010000000000000009,S13_KERAM_75
-21237.521233408435,38239.678199969436,0.010000000000000009,S13_KERAM_74
-21237.69548193572,38240.53477889209,0.008000000000000007,S13_KERAM_73
-21238.993840905066,38240.6340562143,0.007000000000000006,S13_KERAM_72
-21239.005383199903,38239.914979184054,0.008000000000000007,S13_KERAM_71
-21233.792484773687,38250.8199613481,1.3689999999999998,S13_61116_68
-21233.792484773687,38250.8199613481,1.3689999999999998,S13_61116_68
-21233.79217526454,38250.82217589186,1.3689999999999998,S12_61116_9
-21233.79217526454,38250.82217589186,1.3689999999999998,S12_61116_9
-21233.7930514861,38250.819137432416,1.3689999999999998,S13_61116_68
-21233.7930514861,38250.819137432416,1.3689999999999998,S13_61116_68
-21307.02524415,38261.50900057,0.00858571000000552,St2_keram_4
-21307.52594436,38262.34107121,0.01136207000001832,St2_keram_3
-21303.49832409,38259.7130134,1.7529194500000074,K4-1
-21304.63999025,38246.53984123,1.738987580000014,K3-1
-21303.12046252,38261.00317022,1.7143118600000093,K2-1
-21305.71408998,38242.27044048,0.010732340000004115,St2_keram_24
-21305.99061783,38240.27319088,0.010110090000011951,St2_keram_23
-21305.32932117,38240.2053834,0.010964430000001357,St2_keram_22
-21305.22736868,38241.82171068,0.009304260000021713,St2_keram_21
-21303.11692604,38247.78229272,0.012155169999999771,St2_keram_20
-21304.92531135,38247.88601776,0.009793120000011868,St2_keram_19
-21304.98358509,38249.32483981,0.011338390000020127,St2_keram_18
-21303.14213979,38249.16925692,0.010198139999999967,St2_keram_17
-21303.01331627,38251.93541886,0.010798340000008011,St2_keram_16
-21304.51569377,38252.03763775,0.010667030000007571,St2_keram_15
-21304.13097376,38254.1862613,0.010071580000015956,St2_keram_14
-21302.82627738,38254.12767043,0.012873420000005353,St2_keram_13
-21302.7248075,38256.57967044,0.009858370000017658,St2_keram_12
-21304.4254718,38256.50412302,0.00968386000002397,St2_keram_11
-21304.28670577,38259.27024704,0.011408390000013924,St2_keram_10
-21302.72504874,38259.24245875,0.010237910000000738,St2_keram_9
-21303.88209439,38259.47819964,2.918450540000009,St2_keram_8
-21301.4192022,38260.88227663,2.918820629999999,St2_keram_7
-21304.93734397,38262.17908647,0.011173519999999826,St2_keram_6
-21304.88562646,38261.23179702,0.00898139000000242,St2_keram_5
-21302.8581536,38262.12724947,2.197038610000021,5 1 12 2
-21300.1556854,38245.48130642,1.666451230000007,K1-1
-21298.68649506,38246.28416568,2.9472947499999975,ST1_KERAM_19
-21303.47934123,38245.15266891,-0.009997879999986026,ST1_KERAM_18
-21305.87776768,38245.21749158,-0.011984609999984741,ST1_KERAM_17
-21305.87724743,38245.21698818,-0.013678119999980254,ST1_KERAM_16
-21305.67708274,38247.05996482,-0.01233044999997901,ST1_KERAM_15
-21304.4577107,38247.52663935,-0.010360709999986284,ST1_KERAM_14
-21302.78914905,38246.73217331,-0.007838999999989937,ST1_KERAM_13
-21299.62872084,38243.88918198,3.0561027800000033,ST1_KERAM_12
-21296.88454459,38246.62364025,-0.009709809999975505,ST1_KERAM_11
-21296.9301945,38244.88776683,-0.00938033999997856,ST1_KERAM_10
-21297.0525554,38243.42308231,-0.0084191899999837,ST1_KERAM_9
-21298.88770945,38243.47470584,-0.01004177999999456,ST1_KERAM_8
-21299.262136,38240.48348035,-0.010963679999974829,ST1_KERAM_7
-21300.27216166,38240.30770522,-0.007768869999978278,ST1_KERAM_6
-21300.22321334,38242.4747384,-0.009925939999988032,ST1_KERAM_5
-21300.47297235,38243.02124176,-0.010286289999982046,ST1_KERAM_4
-21302.12524798,38243.16163741,-0.009447829999999158,ST1_KERAM_3
-21303.64345747,38243.18593205,-0.00917064999998729,ST1_KERAM_2
-21306.28662743,38242.59198135,-0.010357709999993858,ST1_KERAM_1
-21304.00251538,38244.04103822,2.9271890200000144,5 1 12 1
-21304.76955028,38243.06852065,1.0,RP1.0
-21297.7775502,38244.39692945,0.013153560000006337,5 1 12 4
